// -------
#Groups
// -------

$Group:	"dlc05_$group_start"
$Group:	"dlc05_$group_start_coop"
$Group:	"dlc05_$group_truck02"
$Group:	"dlc05_$group_truck03"
$Group:	"dlc05_$group_helpers01"
$Group:	"dlc05_$group_atk01_guys01"
$Group:	"dlc05_$group_atk01_guys02"
$Group:	"dlc05_$group_atk01_guys03"
$Group:	"dlc05_$group_atk01_helis"
$Group:	"dlc05_$group_atk01_suvs"
$Group:	"dlc05_$group_helpers02"
$Group:	"dlc05_$group_atk02_guys01"
$Group:	"dlc05_$group_atk02_guys02"
$Group:	"dlc05_$group_atk02_suvs"
$Group:	"dlc05_$group_atk02_helis"
$Group:	"dlc05_$group_heli_support"
$Group:	"dlc05_$group_tornado01"
$Group:	"dlc05_$group_mystery"
$Group:	"dlc05_$group_driver01"
$Group:	"dlc05_$group_driver02"
$Group:	"dlc05_$group_driver03"
$Group:	"dlc05_$group_apc01"
$Group:	"dlc05_$group_apc02"
$Group:	"dlc05_$group_apc03"
$Group:	"dlc05_$group_apc04"
$Group:	"dlc05_$group_apc05"
$Group:	"dlc05_$group_apc06"
$Group:	"dlc05_$group_apc07"
$Group:	"dlc05_$group_apc08"
$Group:	"dlc05_$group_apc09"
$Group:	"dlc05_$group_apc10"
$Group:	"dlc05_$group_apc11"
$Group:	"dlc05_$group_apc12"
$Group:	"dlc05_$group_apc13"
$Group:	"dlc05_$group_apc14"
$Group:	"dlc05_$group_apc15"
$Group:	"dlc05_$group_apc16"
$Group:	"dlc05_$group_apc17"
$Group:	"dlc05_$group_apc18"
$Group:	"dlc05_$group_coop_retrieval_car"
$Group:	"dlc05_$group_rpg_guys01"
$Group:	"dlc05_$group_rpg_guys02"
$Group:	"dlc05_$group_rpg_guys03"
$Group:	"dlc05_$group_rpg_guys_coop01"
$Group:	"dlc05_$group_rpg_guys_coop02"
$Group:	"dlc05_$group_rpg_guys_coop03"
// -------
#Navpoints
// -------

$Navpoint:	"dlc05_$nav_local_start"
$Type:		"ground"
$Pos:			<2225.273438 -2.042769 896.330933>
$Orient:		[0.010178]

$Navpoint:	"dlc05_$nav_remote_start"
$Type:		"ground"
$Pos:			<2227.559326 -2.042772 896.126770>
$Orient:		[-0.008724]

$Navpoint:	"dlc05_$trig_objective01"
$Type:		"ground"
$Pos:			<2334.083252 6.007380 1166.868042>
$Orient:		[I]

$Navpoint:	"dlc05_$trig_objective02"
$Type:		"ground"
$Pos:			<2192.608887 6.007029 1086.375977>
$Orient:		[I]

$Navpoint:	"dlc05_$helper_ultor03"
$Type:		"ground"
$Pos:			<2215.299805 -2.042769 905.046204>
$Orient:		[0.438915]

$Navpoint:	"dlc05_$helper_ultor01"
$Type:		"ground"
$Pos:			<2213.219482 -2.042771 906.339722>
$Orient:		[0.636469]

$Navpoint:	"dlc05_$c_ground1_01"
$Type:		"ground"
$Pos:			<2335.452148 6.008369 1233.450562>
$Orient:		[1.186277]

$Navpoint:	"dlc05_$c_ground1_02"
$Type:		"ground"
$Pos:			<2340.277100 6.008402 1234.262207>
$Orient:		[1.466391]

$Navpoint:	"dlc05_$c_ground1_03"
$Type:		"ground"
$Pos:			<2408.425293 6.145594 1249.278320>
$Orient:		[1.427832]

$Navpoint:	"dlc05_$c_ground1_04"
$Type:		"ground"
$Pos:			<2343.064453 6.005392 1280.370972>
$Orient:		[1.687232]

$Navpoint:	"dlc05_$c_ground1_05"
$Type:		"ground"
$Pos:			<2339.675781 6.005663 1281.088989>
$Orient:		[1.377972]

$Navpoint:	"dlc05_$c_ground1_06"
$Type:		"ground"
$Pos:			<2331.004883 6.008499 1252.698364>
$Orient:		[1.464708]

$Navpoint:	"dlc05_$c_ground1_07"
$Type:		"ground"
$Pos:			<2414.161621 6.158983 1247.889282>
$Orient:		[1.394791]

$Navpoint:	"dlc05_$c_ground2_01"
$Type:		"ground"
$Pos:			<2389.760498 -5.224473 1048.640991>
$Orient:		[-3.076810]

$Navpoint:	"dlc05_$c_ground2_02"
$Type:		"ground"
$Pos:			<2389.834473 -5.256082 1041.913086>
$Orient:		[I]

$Navpoint:	"dlc05_$c_ground2_03"
$Type:		"ground"
$Pos:			<2321.457520 6.008431 1055.898071>
$Orient:		[-2.918752]

$Navpoint:	"dlc05_$c_ground2_04"
$Type:		"ground"
$Pos:			<2327.649170 6.009181 1055.817261>
$Orient:		[1.182737]

$Navpoint:	"dlc05_$c_ground3_01"
$Type:		"ground"
$Pos:			<2299.097656 6.316347 1122.540039>
$Orient:		[0.027509]

$Navpoint:	"dlc05_$c_ground3_02"
$Type:		"ground"
$Pos:			<2297.710938 6.316347 1121.041138>
$Orient:		[0.167275]

$Navpoint:	"dlc05_$helper_ultor02"
$Type:		"ground"
$Pos:			<2213.043945 -2.042771 903.121582>
$Orient:		[0.122344]

$Navpoint:	"dlc05_$c_tunnel1_1"
$Type:		"ground"
$Pos:			<2264.813721 2.713798 1115.468018>
$Orient:		[-0.006698]

$Navpoint:	"dlc05_$c_tunnel1_2"
$Type:		"ground"
$Pos:			<2264.941650 2.099972 1113.730469>
$Orient:		[0.045588]

$Navpoint:	"dlc05_$c_tunnel1_3"
$Type:		"ground"
$Pos:			<2263.182861 2.105576 1113.264038>
$Orient:		[1.607997]

$Navpoint:	"dlc05_$c_tunnel1_6"
$Type:		"ground"
$Pos:			<2260.633789 -0.479078 1118.746216>
$Orient:		[3.130565]

$Navpoint:	"dlc05_$c_tunnel1_5"
$Type:		"ground"
$Pos:			<2260.646240 0.883703 1116.704102>
$Orient:		[2.980996]

$Navpoint:	"dlc05_$c_tunnel1_4"
$Type:		"ground"
$Pos:			<2260.895996 2.107606 1113.397827>
$Orient:		[1.607997]

$Navpoint:	"dlc05_$c_outside1_1"
$Type:		"ground"
$Pos:			<2279.880615 6.008052 1074.316895>
$Orient:		[1.607997]

$Navpoint:	"dlc05_$c_outside1_3"
$Type:		"ground"
$Pos:			<2284.440674 6.008392 1069.597290>
$Orient:		[1.607997]

$Navpoint:	"dlc05_$c_outside1_2"
$Type:		"ground"
$Pos:			<2282.384766 6.008197 1071.849854>
$Orient:		[1.607997]

$Navpoint:	"dlc05_$c_stair1_1"
$Type:		"ground"
$Pos:			<2112.462158 -5.197245 1060.108154>
$Orient:		[-1.826873]

$Navpoint:	"dlc05_$c_stair1_2"
$Type:		"ground"
$Pos:			<2108.134033 -5.197244 1060.048828>
$Orient:		[-1.826873]

$Navpoint:	"dlc05_$c_stair1_3"
$Type:		"ground"
$Pos:			<2107.752441 -5.197244 1063.886719>
$Orient:		[-1.826873]

$Navpoint:	"dlc05_$c_stair1_4"
$Type:		"ground"
$Pos:			<2107.169922 -5.197246 1067.176270>
$Orient:		[-1.826873]

$Navpoint:	"dlc05_$c_stair2_1"
$Type:		"ground"
$Pos:			<2101.752930 -2.270657 1120.823486>
$Orient:		[-1.826873]

$Navpoint:	"dlc05_$c_stair2_2"
$Type:		"ground"
$Pos:			<2097.808105 -5.197247 1130.606689>
$Orient:		[-1.826873]

$Navpoint:	"dlc05_$c_stair2_3"
$Type:		"ground"
$Pos:			<2096.787598 -5.197243 1136.734863>
$Orient:		[-1.826873]

$Navpoint:	"dlc05_$c_tunnel2_1"
$Type:		"ground"
$Pos:			<2149.221191 3.320877 1147.000977>
$Orient:		[-0.252086]

$Navpoint:	"dlc05_$c_stair2_4"
$Type:		"ground"
$Pos:			<2095.065918 -5.197243 1140.882080>
$Orient:		[-1.826873]

$Navpoint:	"dlc05_$helper_ultor05"
$Type:		"ground"
$Pos:			<2214.522705 12.399073 1085.511108>
$Orient:		[-0.542606]

$Navpoint:	"dlc05_$helper_ultor06"
$Type:		"ground"
$Pos:			<2206.941895 6.008331 1076.690918>
$Orient:		[-2.634001]

$Navpoint:	"dlc05_$helper_ultor07"
$Type:		"ground"
$Pos:			<2178.581543 6.006577 1082.115967>
$Orient:		[0.629150]

$Navpoint:	"dlc05_$v_ufo"
$Type:		"ground"
$Pos:			<2091.826660 -5.197247 1138.886353>
$Orient:		[I]

$Navpoint:	"dlc05_$c_alien"
$Type:		"ground"
$Pos:			<2094.216553 -5.197244 1144.446533>
$Orient:		[I]

$Navpoint:	"dlc05_$n000"
$Type:		"floating"
$Pos:			<2248.252930 9.994536 1175.514404>
$Orient:		[<0.999277 0 0.038034> <-0.000086 0.999997 0.002270> <-0.038034 -0.002272 0.999274>]

$Navpoint:	"dlc05_$n001"
$Type:		"floating"
$Pos:			<2247.530273 14.883419 1158.020996>
$Orient:		[<0.998954 0 0.045734> <-0.003299 0.997395 0.072063> <-0.045615 -0.072138 0.996351>]

$Navpoint:	"dlc05_$n002"
$Type:		"floating"
$Pos:			<2234.182861 35.427567 1109.773804>
$Orient:		[<-0.868523 0 0.495649> <-0.054532 0.993929 -0.095556> <-0.492640 -0.110022 -0.863250>]

$Navpoint:	"dlc05_$n003"
$Type:		"floating"
$Pos:			<2218.784668 37.308704 1072.921997>
$Orient:		[<-0.718081 0 -0.695960> <-0.009537 0.999906 0.009840> <0.695894 0.013703 -0.718014>]

$Navpoint:	"dlc05_$n004"
$Type:		"floating"
$Pos:			<2139.425781 41.389572 1016.940491>
$Orient:		[<-0.053007 0 -0.998594> <0.116027 0.993227 -0.006159> <0.991831 -0.116191 -0.052648>]

$Navpoint:	"dlc05_$n005"
$Type:		"floating"
$Pos:			<2129.547607 34.495392 932.852173>
$Orient:		[<0.687383 0 -0.726295> <0.048366 0.997780 0.045775> <0.724683 -0.066593 0.685857>]

$Navpoint:	"dlc05_$n006"
$Type:		"floating"
$Pos:			<2122.172852 34.495399 798.411987>
$Orient:		[<0.679870 0 -0.733333> <0.038494 0.998621 0.035688> <0.732322 -0.052492 0.678932>]

$Navpoint:	"dlc05_$n007"
$Type:		"floating"
$Pos:			<2133.928711 58.120132 677.466064>
$Orient:		[<0.677938 0 -0.735120> <0.009342 0.999919 0.008616> <0.735060 -0.012709 0.677883>]

$Navpoint:	"dlc05_$n008"
$Type:		"floating"
$Pos:			<2133.634766 104.563339 574.034790>
$Orient:		[<0.673338 0 -0.739335> <0.001626 0.999998 0.001480> <0.739333 -0.002199 0.673337>]

$Navpoint:	"dlc05_$n009"
$Type:		"floating"
$Pos:			<2134.283691 167.577789 488.764618>
$Orient:		[<0.991322 0 -0.131453> <0.022917 0.984687 0.172819> <0.129440 -0.174332 0.976142>]

$Navpoint:	"dlc05_$n010"
$Type:		"floating"
$Pos:			<2135.490479 239.413513 410.029602>
$Orient:		[<0.991322 0 -0.131453> <0.022917 0.984687 0.172819> <0.129440 -0.174332 0.976142>]

$Navpoint:	"dlc05_$local_part03_start"
$Type:		"ground"
$Pos:			<2104.913574 6.040895 1104.307129>
$Orient:		[-1.678633]

$Navpoint:	"dlc05_$remote_part03_start"
$Type:		"ground"
$Pos:			<2105.969238 6.040895 1100.121094>
$Orient:		[-1.526338]

$Navpoint:	"dlc05_$driver03"
$Type:		"ground"
$Pos:			<2156.712158 6.957155 1331.625244>
$Orient:		[-0.071111]

$Navpoint:	"dlc05_$driver02"
$Type:		"ground"
$Pos:			<2199.783691 6.957153 1332.800415>
$Orient:		[-0.636648]

$Navpoint:	"dlc05_$driver01"
$Type:		"ground"
$Pos:			<2221.458252 6.009181 1056.807251>
$Orient:		[3.087072]

$Navpoint:	"dlc05_$n039"
$Type:		"ground"
$Pos:			<2199.409424 6.957153 1343.429443>
$Orient:		[I]

$Navpoint:	"dlc05_$n040"
$Type:		"ground"
$Pos:			<2232.120605 5.858656 1344.153320>
$Orient:		[I]

$Navpoint:	"dlc05_$n041"
$Type:		"ground"
$Pos:			<2244.354492 5.858358 1336.160156>
$Orient:		[I]

$Navpoint:	"dlc05_$n042"
$Type:		"ground"
$Pos:			<2243.393311 5.859053 1247.620728>
$Orient:		[I]

$Navpoint:	"dlc05_$n043"
$Type:		"ground"
$Pos:			<2260.626709 5.858757 1240.314819>
$Orient:		[I]

$Navpoint:	"dlc05_$n044"
$Type:		"ground"
$Pos:			<2348.147217 5.858543 1240.087036>
$Orient:		[I]

$Navpoint:	"dlc05_$n045"
$Type:		"ground"
$Pos:			<2355.881592 5.858631 1230.932251>
$Orient:		[I]

$Navpoint:	"dlc05_$n046"
$Type:		"ground"
$Pos:			<2356.336426 5.856630 1137.422974>
$Orient:		[I]

$Navpoint:	"dlc05_$n047"
$Type:		"ground"
$Pos:			<2356.308350 5.032251 1021.744202>
$Orient:		[I]

$Navpoint:	"dlc05_$n048"
$Type:		"ground"
$Pos:			<2346.718018 2.373688 999.933655>
$Orient:		[I]

$Navpoint:	"dlc05_$n049"
$Type:		"ground"
$Pos:			<2319.610596 -1.612775 992.719055>
$Orient:		[I]

$Navpoint:	"dlc05_$n050"
$Type:		"ground"
$Pos:			<2288.815186 -2.042771 992.534729>
$Orient:		[I]

$Navpoint:	"dlc05_$n051"
$Type:		"ground"
$Pos:			<2262.192627 -2.042773 962.139526>
$Orient:		[I]

$Navpoint:	"dlc05_$n052"
$Type:		"ground"
$Pos:			<2233.031006 -2.042773 961.836792>
$Orient:		[I]

$Navpoint:	"dlc05_$n053"
$Type:		"ground"
$Pos:			<2227.365967 -2.042773 953.422302>
$Orient:		[I]

$Navpoint:	"dlc05_$n054"
$Type:		"ground"
$Pos:			<2225.926025 -2.042770 937.715576>
$Orient:		[I]

$Navpoint:	"dlc05_$n055"
$Type:		"ground"
$Pos:			<2227.942627 -2.042770 906.768921>
$Orient:		[I]

$Navpoint:	"dlc05_$atk02_heli01"
$Type:		"ground"
$Pos:			<2261.947754 19.123922 1470.628906>
$Orient:		[1.505368]

$Navpoint:	"dlc05_$atk02_heli02"
$Type:		"ground"
$Pos:			<2262.943848 19.157000 1464.025513>
$Orient:		[1.549721]

$Navpoint:	"dlc05_$atk02_heli03"
$Type:		"ground"
$Pos:			<2263.219727 19.192947 1457.429932>
$Orient:		[1.532524]

$Navpoint:	"dlc05_$atk02_heli04"
$Type:		"ground"
$Pos:			<2262.938721 19.225882 1451.126587>
$Orient:		[1.501499]

$Navpoint:	"dlc05_$apc01"
$Type:		"ground"
$Pos:			<2231.431152 6.008707 1204.571045>
$Orient:		[-1.574885]

$Navpoint:	"dlc05_$apc06_crew01"
$Type:		"ground"
$Pos:			<2342.648926 5.859473 1171.653320>
$Orient:		[I]

$Navpoint:	"dlc05_$apc06_crew02"
$Type:		"ground"
$Pos:			<2339.626709 5.859376 1171.302490>
$Orient:		[I]

$Navpoint:	"dlc05_$apc01_crew02"
$Type:		"ground"
$Pos:			<2237.264893 6.008956 1209.473389>
$Orient:		[I]

$Navpoint:	"dlc05_$apc01_crew01"
$Type:		"ground"
$Pos:			<2237.262207 6.008710 1208.102905>
$Orient:		[I]

$Navpoint:	"dlc05_$apc02"
$Type:		"ground"
$Pos:			<2351.258057 6.004122 1330.590454>
$Orient:		[I]

$Navpoint:	"dlc05_$apc02_crew01"
$Type:		"ground"
$Pos:			<2350.145996 6.005181 1326.094849>
$Orient:		[I]

$Navpoint:	"dlc05_$apc02_crew02"
$Type:		"ground"
$Pos:			<2350.174316 6.005902 1324.457275>
$Orient:		[I]

$Navpoint:	"dlc05_$apc07_crew01"
$Type:		"ground"
$Pos:			<2298.604980 5.861282 1173.731567>
$Orient:		[1.729604]

$Navpoint:	"dlc05_$apc07_crew02"
$Type:		"ground"
$Pos:			<2298.181152 5.861238 1171.634766>
$Orient:		[1.729604]

$Navpoint:	"dlc05_$apc03"
$Type:		"ground"
$Pos:			<2198.813477 -2.042771 991.997192>
$Orient:		[-1.619989]

$Navpoint:	"dlc05_$apc03_crew01"
$Type:		"ground"
$Pos:			<2204.410645 -2.042774 993.852661>
$Orient:		[-1.656540]

$Navpoint:	"dlc05_$apc03_crew02"
$Type:		"ground"
$Pos:			<2206.399658 -2.042774 993.641785>
$Orient:		[-1.656540]

$Navpoint:	"dlc05_$apc09_crew01"
$Type:		"ground"
$Pos:			<2287.063965 6.007223 1141.010376>
$Orient:		[-1.656540]

$Navpoint:	"dlc05_$apc09_crew02"
$Type:		"ground"
$Pos:			<2286.935059 6.007189 1139.736694>
$Orient:		[-1.656540]

$Navpoint:	"dlc05_$trig_truck_end"
$Type:		"ground"
$Pos:			<2223.223633 -2.042771 912.403198>
$Orient:		[I]

$Navpoint:	"dlc05_$hazard01"
$Type:		"ground"
$Pos:			<2218.653564 -2.042773 913.430603>
$Orient:		[0.688188]

$Navpoint:	"dlc05_$hazard02"
$Type:		"ground"
$Pos:			<2187.591797 6.957153 1353.046387>
$Orient:		[2.755298]

$Navpoint:	"dlc05_$hazard03"
$Type:		"ground"
$Pos:			<2164.136719 6.957153 1340.427734>
$Orient:		[-1.538939]

$Navpoint:	"dlc05_$nav_truck01_on_ship"
$Type:		"ground"
$Pos:			<2148.630859 -2.714993 849.940002>
$Orient:		[1.547983]

$Navpoint:	"dlc05_$nav_truck02_on_ship"
$Type:		"ground"
$Pos:			<2148.630127 -2.714993 841.006104>
$Orient:		[1.676594]

$Navpoint:	"dlc05_$n011"
$Type:		"floating"
$Pos:			<2430.129150 9.972562 1427.012207>
$Orient:		[<-0.984012 0 -0.178105> <0.019151 0.994203 -0.105805> <0.177072 -0.107524 -0.978307>]

$Navpoint:	"dlc05_$n012"
$Type:		"floating"
$Pos:			<2434.278076 16.528038 1353.978760>
$Orient:		[<-0.999990 0 0.004423> <-0.000526 0.992902 -0.118930> <-0.004391 -0.118932 -0.992893>]

$Navpoint:	"dlc05_$n013"
$Type:		"floating"
$Pos:			<2432.429199 21.893999 1277.602173>
$Orient:		[<-0.999573 0 0.029228> <-0.003244 0.993823 -0.110926> <-0.029047 -0.110974 -0.993399>]

$Navpoint:	"dlc05_$n014"
$Type:		"floating"
$Pos:			<2409.836426 28.163168 1175.831055>
$Orient:		[<-0.957810 0 0.287403> <-0.032770 0.993478 -0.109212> <-0.285528 -0.114022 -0.951563>]

$Navpoint:	"dlc05_$n015"
$Type:		"floating"
$Pos:			<2373.053955 30.753752 1107.260742>
$Orient:		[<-0.771280 0 0.636496> <-0.091797 0.989545 -0.111236> <-0.629842 -0.144223 -0.763216>]

$Navpoint:	"dlc05_$n016"
$Type:		"floating"
$Pos:			<2341.002930 30.753750 1067.749268>
$Orient:		[<-0.482540 0 0.875874> <-0.140666 0.987020 -0.077496> <-0.864505 -0.160601 -0.476276>]

$Navpoint:	"dlc05_$n017"
$Type:		"floating"
$Pos:			<2284.766357 30.753756 1050.667725>
$Orient:		[<-0.096662 0 0.995317> <-0.119667 0.992746 -0.011622> <-0.988097 -0.120230 -0.095961>]

$Navpoint:	"dlc05_$n018"
$Type:		"floating"
$Pos:			<2205.990234 30.753744 1056.581665>
$Orient:		[<0.003830 0 0.999993> <-0.106358 0.994328 0.000407> <-0.994321 -0.106359 0.003808>]

$Navpoint:	"dlc05_$n019"
$Type:		"floating"
$Pos:			<2169.679688 24.900337 1067.728149>
$Orient:		[<0.439691 0 0.898149> <-0.111752 0.992229 0.054708> <-0.891170 -0.124424 0.436274>]

$Navpoint:	"dlc05_$n020"
$Type:		"floating"
$Pos:			<2132.271484 20.671524 1097.343384>
$Orient:		[<0.979632 0 0.200803> <-0.026058 0.991544 0.127124> <-0.199105 -0.129767 0.971348>]

$Navpoint:	"dlc05_$n021"
$Type:		"floating"
$Pos:			<2115.816406 19.825563 1125.552368>
$Orient:		[<0.984784 0 0.173785> <-0.020612 0.992942 0.116800> <-0.172558 -0.118604 0.977833>]

$Navpoint:	"dlc05_$atk02_heli01_crew01"
$Type:		"ground"
$Pos:			<2270.240479 19.127052 1471.517090>
$Orient:		[-1.679339]

$Navpoint:	"dlc05_$atk02_heli01_crew02"
$Type:		"ground"
$Pos:			<2271.945068 19.118662 1473.553833>
$Orient:		[-1.679339]

$Navpoint:	"dlc05_$atk02_heli01_crew03"
$Type:		"ground"
$Pos:			<2272.050781 19.137114 1469.786743>
$Orient:		[-1.679339]

$Navpoint:	"dlc05_$atk02_heli01_crew04"
$Type:		"ground"
$Pos:			<2273.260498 19.128687 1471.739258>
$Orient:		[-1.679339]

$Navpoint:	"dlc05_$atk02_heli02_crew01"
$Type:		"ground"
$Pos:			<2270.519043 19.152693 1466.307251>
$Orient:		[-1.679339]

$Navpoint:	"dlc05_$atk02_heli02_crew02"
$Type:		"ground"
$Pos:			<2270.576904 19.167849 1463.207520>
$Orient:		[-1.679339]

$Navpoint:	"dlc05_$atk02_heli02_crew03"
$Type:		"ground"
$Pos:			<2273.149658 19.169415 1463.361450>
$Orient:		[-1.679339]

$Navpoint:	"dlc05_$atk02_heli02_crew04"
$Type:		"ground"
$Pos:			<2273.161621 19.154520 1466.420166>
$Orient:		[-1.679339]

$Navpoint:	"dlc05_$atk02_heli03_crew01"
$Type:		"ground"
$Pos:			<2271.907959 19.182486 1460.449829>
$Orient:		[-1.679339]

$Navpoint:	"dlc05_$atk02_heli03_crew02"
$Type:		"ground"
$Pos:			<2270.574219 19.191158 1458.424561>
$Orient:		[-1.679339]

$Navpoint:	"dlc05_$atk02_heli03_crew03"
$Type:		"ground"
$Pos:			<2273.143066 19.192345 1458.654907>
$Orient:		[-1.679339]

$Navpoint:	"dlc05_$atk02_heli03_crew04"
$Type:		"ground"
$Pos:			<2272.058105 19.203411 1456.183472>
$Orient:		[-1.679339]

$Navpoint:	"dlc05_$atk02_heli04_crew01"
$Type:		"ground"
$Pos:			<2270.749023 19.214640 1453.638184>
$Orient:		[-1.679339]

$Navpoint:	"dlc05_$atk02_heli04_crew02"
$Type:		"ground"
$Pos:			<2273.000977 19.215990 1453.776733>
$Orient:		[-1.679339]

$Navpoint:	"dlc05_$atk02_heli04_crew03"
$Type:		"ground"
$Pos:			<2270.669922 19.230877 1450.510986>
$Orient:		[-1.679339]

$Navpoint:	"dlc05_$atk02_heli04_crew04"
$Type:		"ground"
$Pos:			<2273.163818 19.231310 1450.663452>
$Orient:		[-1.679339]

$Navpoint:	"dlc05_$nav_atk02_landing01"
$Type:		"ground"
$Pos:			<2115.239746 6.026927 1136.976563>
$Orient:		[I]

$Navpoint:	"dlc05_$nav_atk02_landing02"
$Type:		"ground"
$Pos:			<2149.601074 5.999319 1130.805176>
$Orient:		[1.488934]

$Navpoint:	"dlc05_$nav_atk02_landing03"
$Type:		"ground"
$Pos:			<2157.975586 6.049457 1117.068604>
$Orient:		[1.662355]

$Navpoint:	"dlc05_$nav_atk02_landing04"
$Type:		"ground"
$Pos:			<2153.960938 6.029767 1102.831299>
$Orient:		[1.820787]

$Navpoint:	"dlc05_$helper_ultor04"
$Type:		"ground"
$Pos:			<2215.533936 -2.042772 901.840942>
$Orient:		[0.110956]

$Navpoint:	"dlc05_$helper_ultor08"
$Type:		"ground"
$Pos:			<2171.413818 12.373855 1085.063721>
$Orient:		[0.115087]

$Navpoint:	"dlc05_$suv01"
$Type:		"ground"
$Pos:			<2300.712646 8.765648 1509.312744>
$Orient:		[1.643142]

$Navpoint:	"dlc05_$suv03"
$Type:		"ground"
$Pos:			<2307.395020 8.556919 1512.782959>
$Orient:		[1.643142]

$Navpoint:	"dlc05_$suv04"
$Type:		"ground"
$Pos:			<2312.863770 8.348626 1516.896484>
$Orient:		[1.643142]

$Navpoint:	"dlc05_$suv02"
$Type:		"ground"
$Pos:			<2299.520020 9.208196 1518.075684>
$Orient:		[1.643142]

$Navpoint:	"dlc05_$suv01_crew01"
$Type:		"ground"
$Pos:			<2317.718994 8.599708 1529.169556>
$Orient:		[I]

$Navpoint:	"dlc05_$suv01_crew02"
$Type:		"ground"
$Pos:			<2318.139648 8.532572 1530.908081>
$Orient:		[I]

$Navpoint:	"dlc05_$suv01_crew03"
$Type:		"ground"
$Pos:			<2318.434082 8.459867 1532.666626>
$Orient:		[I]

$Navpoint:	"dlc05_$suv01_crew04"
$Type:		"ground"
$Pos:			<2318.789551 8.379831 1534.563354>
$Orient:		[I]

$Navpoint:	"dlc05_$suv02_crew01"
$Type:		"ground"
$Pos:			<2321.285889 8.270501 1534.010010>
$Orient:		[I]

$Navpoint:	"dlc05_$suv02_crew02"
$Type:		"ground"
$Pos:			<2320.759766 8.376274 1532.007324>
$Orient:		[I]

$Navpoint:	"dlc05_$suv02_crew03"
$Type:		"ground"
$Pos:			<2320.393555 8.442974 1530.306396>
$Orient:		[I]

$Navpoint:	"dlc05_$suv02_crew04"
$Type:		"ground"
$Pos:			<2320.141602 8.504680 1528.355347>
$Orient:		[I]

$Navpoint:	"dlc05_$suv03_crew01"
$Type:		"ground"
$Pos:			<2323.560791 8.082879 1533.695557>
$Orient:		[I]

$Navpoint:	"dlc05_$suv03_crew02"
$Type:		"ground"
$Pos:			<2326.116699 7.906602 1533.131348>
$Orient:		[I]

$Navpoint:	"dlc05_$suv03_crew03"
$Type:		"ground"
$Pos:			<2322.958496 8.307496 1531.286865>
$Orient:		[I]

$Navpoint:	"dlc05_$suv03_crew04"
$Type:		"ground"
$Pos:			<2325.317139 8.200285 1530.858643>
$Orient:		[I]

$Navpoint:	"dlc05_$suv04_crew01"
$Type:		"ground"
$Pos:			<2322.454834 8.359858 1529.700073>
$Orient:		[I]

$Navpoint:	"dlc05_$suv04_crew02"
$Type:		"ground"
$Pos:			<2324.729492 8.232182 1529.409912>
$Orient:		[I]

$Navpoint:	"dlc05_$suv04_crew03"
$Type:		"ground"
$Pos:			<2322.239014 8.377118 1528.081299>
$Orient:		[I]

$Navpoint:	"dlc05_$suv04_crew04"
$Type:		"ground"
$Pos:			<2324.705566 8.240183 1527.612061>
$Orient:		[I]

$Navpoint:	"dlc05_$n022"
$Type:		"ground"
$Pos:			<2328.855469 7.223626 1512.650269>
$Orient:		[I]

$Navpoint:	"dlc05_$n023"
$Type:		"ground"
$Pos:			<2354.579102 5.588524 1496.875610>
$Orient:		[I]

$Navpoint:	"dlc05_$n025"
$Type:		"ground"
$Pos:			<2377.339600 5.569244 1457.607178>
$Orient:		[I]

$Navpoint:	"dlc05_$n026"
$Type:		"ground"
$Pos:			<2387.374756 5.569246 1416.453125>
$Orient:		[I]

$Navpoint:	"dlc05_$n027"
$Type:		"ground"
$Pos:			<2386.315186 5.569242 1379.205322>
$Orient:		[I]

$Navpoint:	"dlc05_$n028"
$Type:		"ground"
$Pos:			<2382.945068 6.075928 1335.796631>
$Orient:		[I]

$Navpoint:	"dlc05_$n029"
$Type:		"ground"
$Pos:			<2383.119629 6.034247 1278.802124>
$Orient:		[I]

$Navpoint:	"dlc05_$n030"
$Type:		"ground"
$Pos:			<2360.541748 5.859659 1227.567017>
$Orient:		[I]

$Navpoint:	"dlc05_$n031"
$Type:		"ground"
$Pos:			<2360.899414 5.853496 1201.356079>
$Orient:		[I]

$Navpoint:	"dlc05_$n_suv02_exit"
$Type:		"ground"
$Pos:			<2352.846191 5.856691 1136.985229>
$Orient:		[I]

$Navpoint:	"dlc05_$n_suv04_exit"
$Type:		"ground"
$Pos:			<2357.728027 5.857200 1150.052002>
$Orient:		[I]

$Navpoint:	"dlc05_$n_suv01_exit"
$Type:		"ground"
$Pos:			<2354.546875 5.855324 1179.552368>
$Orient:		[I]

$Navpoint:	"dlc05_$n_suv03_exit"
$Type:		"ground"
$Pos:			<2365.541992 5.860213 1172.780396>
$Orient:		[I]

$Navpoint:	"dlc05_$n_ground1_04"
$Type:		"ground"
$Pos:			<2351.266113 5.856402 1174.108154>
$Orient:		[-2.471984]

$Navpoint:	"dlc05_$n_ground1_01"
$Type:		"ground"
$Pos:			<2350.225586 6.003448 1181.110107>
$Orient:		[-2.866705]

$Navpoint:	"dlc05_$n_ground1_02"
$Type:		"ground"
$Pos:			<2349.859375 16.457258 1186.045532>
$Orient:		[3.084939]

$Navpoint:	"dlc05_$n_ground1_03"
$Type:		"ground"
$Pos:			<2368 6.000757 1207.166504>
$Orient:		[-2.577881]

$Navpoint:	"dlc05_$n_ground1_05"
$Type:		"ground"
$Pos:			<2347.205566 5.859874 1172.959717>
$Orient:		[-2.617962]

$Navpoint:	"dlc05_$n_ground1_06"
$Type:		"ground"
$Pos:			<2368.714844 6.000317 1184.658691>
$Orient:		[-2.246389]

$Navpoint:	"dlc05_$n_ground1_07"
$Type:		"ground"
$Pos:			<2376.956543 9.204679 1217.611328>
$Orient:		[-2.711187]

$Navpoint:	"dlc05_$n_ground3_01"
$Type:		"ground"
$Pos:			<2324.819336 6.005995 1140.077026>
$Orient:		[1.842855]

$Navpoint:	"dlc05_$n_ground2_01"
$Type:		"ground"
$Pos:			<2351.280029 6.004536 1190.247192>
$Orient:		[-2.922286]

$Navpoint:	"dlc05_$n_ground2_02"
$Type:		"ground"
$Pos:			<2356.832764 5.850827 1185.642578>
$Orient:		[-2.432677]

$Navpoint:	"dlc05_$n_ground2_03"
$Type:		"ground"
$Pos:			<2359.051025 5.855999 1179.326416>
$Orient:		[-2.208063]

$Navpoint:	"dlc05_$n_ground2_04"
$Type:		"ground"
$Pos:			<2361.096924 5.860339 1174.697388>
$Orient:		[-2.518301]

$Navpoint:	"dlc05_$n083"
$Type:		"ground"
$Pos:			<2332.428955 6.978467 1512.692505>
$Orient:		[I]

$Navpoint:	"dlc05_$n084"
$Type:		"ground"
$Pos:			<2357.854004 5.569241 1494.810303>
$Orient:		[I]

$Navpoint:	"dlc05_$n085"
$Type:		"ground"
$Pos:			<2380.005859 5.569243 1450.770630>
$Orient:		[I]

$Navpoint:	"dlc05_$n086"
$Type:		"ground"
$Pos:			<2388.014648 5.569244 1401.277222>
$Orient:		[I]

$Navpoint:	"dlc05_$n087"
$Type:		"ground"
$Pos:			<2379.206055 5.707188 1363.829590>
$Orient:		[I]

$Navpoint:	"dlc05_$n088"
$Type:		"ground"
$Pos:			<2364.504883 5.858000 1312.213989>
$Orient:		[I]

$Navpoint:	"dlc05_$n089"
$Type:		"ground"
$Pos:			<2362.608643 5.855715 1279.876221>
$Orient:		[I]

$Navpoint:	"dlc05_$n090"
$Type:		"ground"
$Pos:			<2374.353271 6.099053 1232.283447>
$Orient:		[I]

$Navpoint:	"dlc05_$n091"
$Type:		"ground"
$Pos:			<2382.954102 6.043413 1184.395874>
$Orient:		[I]

$Navpoint:	"dlc05_$n092"
$Type:		"ground"
$Pos:			<2369.444336 6.003513 1164.000977>
$Orient:		[I]

$Navpoint:	"dlc05_$n_tunnel1_2"
$Type:		"ground"
$Pos:			<2233.426758 6.007309 1093.429932>
$Orient:		[-2.401240]

$Navpoint:	"dlc05_$n_tunnel1_3"
$Type:		"ground"
$Pos:			<2221.444336 6.007631 1094.137695>
$Orient:		[-2.019850]

$Navpoint:	"dlc05_$n_tunnel1_6"
$Type:		"ground"
$Pos:			<2226.080078 6.007672 1101.572632>
$Orient:		[-1.822628]

$Navpoint:	"dlc05_$n_tunnel1_5"
$Type:		"ground"
$Pos:			<2255.890381 6.007177 1094.243896>
$Orient:		[-1.535827]

$Navpoint:	"dlc05_$n_tunnel1_4"
$Type:		"ground"
$Pos:			<2213.037354 6.007679 1105.196777>
$Orient:		[-2.480539]

$Navpoint:	"dlc05_$n_outside1_1"
$Type:		"ground"
$Pos:			<2231.768555 6.007443 1102.883911>
$Orient:		[-2.386856]

$Navpoint:	"dlc05_$n_tunnel1_1"
$Type:		"ground"
$Pos:			<2256.308350 6.006551 1108.384766>
$Orient:		[-2.322592]

$Navpoint:	"dlc05_$n_outside1_3"
$Type:		"ground"
$Pos:			<2238.971436 6.007564 1086.794067>
$Orient:		[-1.524763]

$Navpoint:	"dlc05_$n_stair1_3"
$Type:		"ground"
$Pos:			<2146.522217 6.000392 1086.438232>
$Orient:		[1.386775]

$Navpoint:	"dlc05_$n_stair1_4"
$Type:		"ground"
$Pos:			<2175.891357 6.006100 1099.696533>
$Orient:		[1.502229]

$Navpoint:	"dlc05_$n_stair2_1"
$Type:		"ground"
$Pos:			<2175.162598 6.006478 1106.582031>
$Orient:		[2.312183]

$Navpoint:	"dlc05_$n_stair2_2"
$Type:		"ground"
$Pos:			<2172.937988 6.006109 1094.053223>
$Orient:		[1.627857]

$Navpoint:	"dlc05_$n_stair2_3"
$Type:		"ground"
$Pos:			<2128.345947 5.998182 1092.980957>
$Orient:		[1.590417]

$Navpoint:	"dlc05_$n_stair1_2"
$Type:		"ground"
$Pos:			<2174.444824 6.006864 1079.446533>
$Orient:		[0.224598]

$Navpoint:	"dlc05_$n_stair1_1"
$Type:		"ground"
$Pos:			<2178.361816 6.006923 1078.244873>
$Orient:		[0.150409]

$Navpoint:	"dlc05_$n_stair2_4"
$Type:		"ground"
$Pos:			<2173.899902 6.006178 1087.601929>
$Orient:		[1.634472]

$Navpoint:	"dlc05_$c_ground3_03"
$Type:		"ground"
$Pos:			<2324.349609 6.316349 1117.615967>
$Orient:		[2.094755]

$Navpoint:	"dlc05_$c_ground3_04"
$Type:		"ground"
$Pos:			<2322.186279 6.316348 1118.594482>
$Orient:		[1.780282]

$Navpoint:	"dlc05_$n_ground3_03"
$Type:		"ground"
$Pos:			<2343.280029 6.005489 1127.371216>
$Orient:		[-0.034318]

$Navpoint:	"dlc05_$n_ground3_02"
$Type:		"ground"
$Pos:			<2327.520508 6.005937 1136.795654>
$Orient:		[1.798952]

$Navpoint:	"dlc05_$c_outside2_1"
$Type:		"ground"
$Pos:			<2269.844727 6.006960 1117.804443>
$Orient:		[2.999306]

$Navpoint:	"dlc05_$c_outside2_2"
$Type:		"ground"
$Pos:			<2270.104004 6.007020 1121.964722>
$Orient:		[2.994368]

$Navpoint:	"dlc05_$c_outside2_3"
$Type:		"ground"
$Pos:			<2269.743896 6.006952 1126.481689>
$Orient:		[-2.381961]

$Navpoint:	"dlc05_$n_outside1_2"
$Type:		"ground"
$Pos:			<2235.320557 6.007247 1105.899902>
$Orient:		[-2.494038]

$Navpoint:	"dlc05_$n_outside2_1"
$Type:		"ground"
$Pos:			<2222.694336 6.007421 1107.911499>
$Orient:		[-2.238908]

$Navpoint:	"dlc05_$n_outside2_2"
$Type:		"ground"
$Pos:			<2230.251221 6.007545 1108.524658>
$Orient:		[-2.119619]

$Navpoint:	"dlc05_$n_tunnel2_1"
$Type:		"ground"
$Pos:			<2166.047607 6.003939 1108.821167>
$Orient:		[2.371261]

$Navpoint:	"dlc05_$n_tunnel2_2"
$Type:		"ground"
$Pos:			<2163.341797 6.003623 1101.104370>
$Orient:		[1.950503]

$Navpoint:	"dlc05_$n_tunnel2_3"
$Type:		"ground"
$Pos:			<2162.642334 6.003388 1093.762817>
$Orient:		[1.781430]

$Navpoint:	"dlc05_$c_tunnel2_2"
$Type:		"ground"
$Pos:			<2149.449219 2.210749 1143.986450>
$Orient:		[-0.032897]

$Navpoint:	"dlc05_$c_tunnel2_3"
$Type:		"ground"
$Pos:			<2151.462646 2.210054 1144.282471>
$Orient:		[-1.826873]

$Navpoint:	"dlc05_$c_tunnel2_4"
$Type:		"ground"
$Pos:			<2153.008545 2.207971 1145.169922>
$Orient:		[-1.826873]

$Navpoint:	"dlc05_$support_tornado"
$Type:		"ground"
$Pos:			<2078.504395 -5.197245 1100.136230>
$Orient:		[1.345247]

$Navpoint:	"dlc05_$nav_tornado_landing"
$Type:		"ground"
$Pos:			<2078.504395 -3 1100.136230>
$Orient:		[1.345247]

$Navpoint:	"dlc05_$support_pilot01"
$Type:		"ground"
$Pos:			<2091.106445 -5.197246 1101.103027>
$Orient:		[2.475905]

$Navpoint:	"dlc05_$support_pilot02"
$Type:		"ground"
$Pos:			<2091.279785 -5.197246 1103.627197>
$Orient:		[2.475905]

$Navpoint:	"dlc05_$n151"
$Type:		"floating"
$Pos:			<2424.172607 12.620249 842.291382>
$Orient:		[<0.302351 0 0.953197> <-0.017812 0.999825 0.005650> <-0.953030 -0.018687 0.302298>]

$Navpoint:	"dlc05_$n152"
$Type:		"floating"
$Pos:			<2380.436279 40.032043 856.002502>
$Orient:		[<0.310630 0 0.950531> <-0.041834 0.999031 0.013671> <-0.949610 -0.044012 0.310329>]

$Navpoint:	"dlc05_$n153"
$Type:		"floating"
$Pos:			<2299.093018 43.294575 889.095886>
$Orient:		[<0.293060 0 0.956094> <-0.073638 0.997030 0.022571> <-0.953254 -0.077020 0.292189>]

$Navpoint:	"dlc05_$n154"
$Type:		"floating"
$Pos:			<2280.064209 57.016815 975.258789>
$Orient:		[<0.711726 0 0.702458> <-0.071896 0.994749 0.072844> <-0.698769 -0.102349 0.707988>]

$Navpoint:	"dlc05_$n155"
$Type:		"floating"
$Pos:			<2276.817139 49.100376 1038.381958>
$Orient:		[<0.441832 0 0.897098> <-0.160770 0.983811 0.079181> <-0.882574 -0.179211 0.434679>]

$Navpoint:	"dlc05_$n156"
$Type:		"floating"
$Pos:			<2184.713623 34.711815 1093.411987>
$Orient:		[<0.488266 0 0.872695> <-0.136023 0.987778 0.076104> <-0.862029 -0.155866 0.482298>]

$Navpoint:	"dlc05_$n157"
$Type:		"floating"
$Pos:			<2130.873535 32.802155 1147.390991>
$Orient:		[<0.869083 0 0.494667> <-0.077906 0.987520 0.136873> <-0.488494 -0.157491 0.858237>]

$Navpoint:	"dlc05_$n158"
$Type:		"floating"
$Pos:			<2079.673584 26.767094 1165.907227>
$Orient:		[<0.994783 0 0.102013> <-0.018913 0.982664 0.184429> <-0.100244 -0.185396 0.977538>]

$Navpoint:	"dlc05_$n159"
$Type:		"floating"
$Pos:			<2053.179932 24.775982 1157.932495>
$Orient:		[<0.979148 0 -0.203148> <0.047205 0.972628 0.227521> <0.197588 -0.232367 0.952347>]

$Navpoint:	"dlc05_$n160"
$Type:		"floating"
$Pos:			<2040.589722 24.705900 1127.815430>
$Orient:		[<0.484258 0 -0.874925> <0.191620 0.975722 0.106059> <0.853684 -0.219013 0.472501>]

$Navpoint:	"dlc05_$n161"
$Type:		"floating"
$Pos:			<2124.335693 22.018147 1108.335693>
$Orient:		[<0.988847 0 -0.148933> <0.015251 0.994743 0.101257> <0.148150 -0.102399 0.983649>]

$Navpoint:	"dlc05_$n162"
$Type:		"floating"
$Pos:			<2141.816406 19.721771 1094.706299>
$Orient:		[<0.990077 0 -0.140528> <0.014926 0.994343 0.105160> <0.139733 -0.106214 0.984476>]

$Navpoint:	"dlc05_$n163"
$Type:		"floating"
$Pos:			<2121.408691 23.738483 1063.471069>
$Orient:		[<0.261687 0 -0.965153> <0.076628 0.996843 0.020777> <0.962106 -0.079395 0.260861>]

$Navpoint:	"dlc05_$n_outside2_3"
$Type:		"ground"
$Pos:			<2232.040771 6.007340 1090.322144>
$Orient:		[-1.478947]

$Navpoint:	"dlc05_$n_tunnel1_7"
$Type:		"ground"
$Pos:			<2225.613037 6.007582 1089.180298>
$Orient:		[-1.713848]

$Navpoint:	"dlc05_$n_tunnel1_8"
$Type:		"ground"
$Pos:			<2231.173096 6.007428 1097.606689>
$Orient:		[-1.762056]

$Navpoint:	"dlc05_$c_tunnel1_7"
$Type:		"ground"
$Pos:			<2260.984375 -1.699312 1120.945557>
$Orient:		[2.702410]

$Navpoint:	"dlc05_$c_tunnel1_8"
$Type:		"ground"
$Pos:			<2259.997070 -1.696768 1122.908569>
$Orient:		[2.702410]

$Navpoint:	"dlc05_$c_tunnel1_9"
$Type:		"ground"
$Pos:			<2257.975830 -1.735459 1122.665771>
$Orient:		[2.044841]

$Navpoint:	"dlc05_$n167"
$Type:		"floating"
$Pos:			<2067.244141 30.723816 1099.674438>
$Orient:		[<0.037336 0 -0.999303> <0.146698 0.989166 0.005481> <0.988477 -0.146800 0.036931>]

$Navpoint:	"dlc05_$n168"
$Type:		"floating"
$Pos:			<2101.572510 26.929367 1085.623413>
$Orient:		[<0.016737 0 -0.999860> <0.162471 0.986710 0.002720> <0.986571 -0.162494 0.016515>]

$Navpoint:	"dlc05_$nav_atk02_approach02"
$Type:		"floating"
$Pos:			<2145.328857 12.574776 1129.898560>
$Orient:		[<0.173099 0 -0.984905> <0.199347 0.979303 0.035036> <0.964519 -0.202402 0.169516>]

$Navpoint:	"dlc05_$nav_atk02_approach03"
$Type:		"floating"
$Pos:			<2152.787354 12.899771 1115.600464>
$Orient:		[<0.185258 0 -0.982690> <0.051801 0.998610 0.009766> <0.981324 -0.052713 0.185000>]

$Navpoint:	"dlc05_$nav_atk02_approach04"
$Type:		"floating"
$Pos:			<2150.669189 12.899771 1102.847534>
$Orient:		[<0.017189 0 -0.999852> <0.097365 0.995247 0.001674> <0.995100 -0.097380 0.017107>]

$Navpoint:	"dlc05_$nav_atk02_approach01"
$Type:		"floating"
$Pos:			<2113.305908 12.899771 1134.043091>
$Orient:		[<0.712336 0 -0.701838> <0.113213 0.986904 0.114906> <0.692647 -0.161309 0.703007>]

$Navpoint:	"dlc05_$n169"
$Type:		"ground"
$Pos:			<2155.815674 6.957153 1343.650391>
$Orient:		[I]

$Navpoint:	"dlc05_$n170"
$Type:		"ground"
$Pos:			<2123.882080 5.858529 1328.822266>
$Orient:		[I]

$Navpoint:	"dlc05_$n171"
$Type:		"ground"
$Pos:			<2123.806885 5.858834 1256.085205>
$Orient:		[I]

$Navpoint:	"dlc05_$n172"
$Type:		"ground"
$Pos:			<2140.892334 5.858469 1240.036133>
$Orient:		[I]

$Navpoint:	"dlc05_$n173"
$Type:		"ground"
$Pos:			<2234.944824 5.858921 1239.677368>
$Orient:		[I]

$Navpoint:	"dlc05_$n174"
$Type:		"ground"
$Pos:			<2244.147461 5.858885 1230.610718>
$Orient:		[I]

$Navpoint:	"dlc05_$n175"
$Type:		"ground"
$Pos:			<2244.310059 5.858249 1179.001221>
$Orient:		[I]

$Navpoint:	"dlc05_$n176"
$Type:		"ground"
$Pos:			<2135.014648 5.568699 1026.140259>
$Orient:		[I]

$Navpoint:	"dlc05_$n177"
$Type:		"ground"
$Pos:			<2149.049316 2.135363 994.720154>
$Orient:		[I]

$Navpoint:	"dlc05_$n178"
$Type:		"ground"
$Pos:			<2180.231445 -1.967098 987.016052>
$Orient:		[I]

$Navpoint:	"dlc05_$n179"
$Type:		"ground"
$Pos:			<2220.350342 -2.042774 979.563171>
$Orient:		[I]

$Navpoint:	"dlc05_$n180"
$Type:		"ground"
$Pos:			<2228.111328 -2.042773 970.577209>
$Orient:		[I]

$Navpoint:	"dlc05_$n181"
$Type:		"ground"
$Pos:			<2228.178223 -2.042773 934.512695>
$Orient:		[I]

$Navpoint:	"dlc05_$n182"
$Type:		"ground"
$Pos:			<2217.191650 -2.042771 914.235962>
$Orient:		[I]

$Navpoint:	"dlc05_$truck_part03_start"
$Type:		"ground"
$Pos:			<2192.605225 6.006935 1088.462402>
$Orient:		[1.682705]

$Navpoint:	"dlc05_$n187"
$Type:		"ground"
$Pos:			<2207.327393 6.007656 1092.808716>
$Orient:		[I]

$Navpoint:	"dlc05_$n188"
$Type:		"ground"
$Pos:			<2226.039063 6.007623 1096.048584>
$Orient:		[I]

$Navpoint:	"dlc05_$n189"
$Type:		"ground"
$Pos:			<2244.357666 5.857244 1089.294678>
$Orient:		[I]

$Navpoint:	"dlc05_$n190"
$Type:		"ground"
$Pos:			<2244.296875 5.858523 1060.103516>
$Orient:		[I]

$Navpoint:	"dlc05_$n191"
$Type:		"ground"
$Pos:			<2260.325195 5.858029 1043.450439>
$Orient:		[I]

$Navpoint:	"dlc05_$n192"
$Type:		"ground"
$Pos:			<2302.953857 5.858344 1043.416992>
$Orient:		[I]

$Navpoint:	"dlc05_$n193"
$Type:		"ground"
$Pos:			<2350.756836 5.858481 1043.638916>
$Orient:		[I]

$Navpoint:	"dlc05_$n194"
$Type:		"ground"
$Pos:			<2357.314453 5.857515 1037.405640>
$Orient:		[I]

$Navpoint:	"dlc05_$n195"
$Type:		"ground"
$Pos:			<2355.980957 4.594989 1018.657104>
$Orient:		[I]

$Navpoint:	"dlc05_$n196"
$Type:		"ground"
$Pos:			<2349.676758 2.997278 1004.109314>
$Orient:		[I]

$Navpoint:	"dlc05_$n197"
$Type:		"ground"
$Pos:			<2334.790283 0.520140 995.431641>
$Orient:		[I]

$Navpoint:	"dlc05_$n198"
$Type:		"ground"
$Pos:			<2312.870117 -1.873767 992.190308>
$Orient:		[I]

$Navpoint:	"dlc05_$n199"
$Type:		"ground"
$Pos:			<2291.365967 -2.042774 989.344360>
$Orient:		[I]

$Navpoint:	"dlc05_$n200"
$Type:		"ground"
$Pos:			<2264.073975 -2.042772 965.932007>
$Orient:		[I]

$Navpoint:	"dlc05_$n201"
$Type:		"ground"
$Pos:			<2235.968506 -2.042770 965.366699>
$Orient:		[I]

$Navpoint:	"dlc05_$n202"
$Type:		"ground"
$Pos:			<2225.453125 -2.042772 954.047180>
$Orient:		[I]

$Navpoint:	"dlc05_$n203"
$Type:		"ground"
$Pos:			<2223.260254 -2.042769 915.342529>
$Orient:		[I]

$Navpoint:	"dlc05_$nav_objective03"
$Type:		"ground"
$Pos:			<2175.747559 6.957153 1344.418213>
$Orient:		[I]

$Navpoint:	"dlc05_$apc04"
$Type:		"ground"
$Pos:			<2350.843994 6.009491 1219.951782>
$Orient:		[I]

$Navpoint:	"dlc05_$apc04_crew01"
$Type:		"ground"
$Pos:			<2350.010986 6.008382 1215.867065>
$Orient:		[I]

$Navpoint:	"dlc05_$apc04_crew02"
$Type:		"ground"
$Pos:			<2349.879883 6.006868 1213.964478>
$Orient:		[I]

$Navpoint:	"dlc05_$apc08_crew01"
$Type:		"ground"
$Pos:			<2319.427979 6.008430 1056.850708>
$Orient:		[I]

$Navpoint:	"dlc05_$apc08_crew02"
$Type:		"ground"
$Pos:			<2317.400635 6.008430 1056.922607>
$Orient:		[I]

$Navpoint:	"dlc05_$apc05"
$Type:		"ground"
$Pos:			<2050.145996 6.014416 1281.135864>
$Orient:		[3.130857]

$Navpoint:	"dlc05_$apc05_crew02"
$Type:		"ground"
$Pos:			<2051.326660 6.014416 1288.475220>
$Orient:		[I]

$Navpoint:	"dlc05_$apc05_crew01"
$Type:		"ground"
$Pos:			<2051.255127 6.014416 1286.232910>
$Orient:		[I]

$Navpoint:	"dlc05_$apc10_crew01"
$Type:		"ground"
$Pos:			<2269.235107 6.006803 1110.807129>
$Orient:		[I]

$Navpoint:	"dlc05_$apc10_crew02"
$Type:		"ground"
$Pos:			<2267.056885 6.006778 1110.732422>
$Orient:		[I]

$Navpoint:	"dlc05_$tornado01_crew02"
$Type:		"ground"
$Pos:			<2240.199951 3.929279 1549.069946>
$Orient:		[I]

$Navpoint:	"dlc05_$tornado01_crew01"
$Type:		"ground"
$Pos:			<2240.278564 3.752910 1552.083252>
$Orient:		[I]

$Navpoint:	"dlc05_$enemy_tornado"
$Type:		"ground"
$Pos:			<2250.647949 4.166182 1550.396851>
$Orient:		[3.120492]

$Navpoint:	"dlc05_$n024"
$Type:		"ground"
$Pos:			<2244.286377 5.856597 1107.378662>
$Orient:		[I]

$Navpoint:	"dlc05_$n060"
$Type:		"ground"
$Pos:			<2244.647949 5.858459 1058.087280>
$Orient:		[I]

$Navpoint:	"dlc05_$n061"
$Type:		"ground"
$Pos:			<2234.076660 5.858162 1049.858276>
$Orient:		[I]

$Navpoint:	"dlc05_$n062"
$Type:		"ground"
$Pos:			<2152.782959 5.858777 1050.021973>
$Orient:		[I]

$Navpoint:	"dlc05_$nav_enemy_tornado_start"
$Type:		"floating"
$Pos:			<2252.584961 34.552021 1553.071655>
$Orient:		[<-0.999999 0 -0.001573> <0.000019 0.999927 -0.012067> <0.001573 -0.012067 -0.999926>]

$Navpoint:	"dlc05_$apc06"
$Type:		"ground"
$Pos:			<2343.859863 6.007292 1167.576660>
$Orient:		[1.574904]

$Navpoint:	"dlc05_$nav_driver01"
$Type:		"ground"
$Pos:			<2207.909180 6.008102 1083.179199>
$Orient:		[I]

$Navpoint:	"dlc05_$apc07"
$Type:		"ground"
$Pos:			<2294.594482 5.861262 1172.368164>
$Orient:		[-0.006158]

$Navpoint:	"dlc05_$apc08"
$Type:		"ground"
$Pos:			<2323.960449 6.008596 1055.329102>
$Orient:		[1.596097]

$Navpoint:	"dlc05_$apc09"
$Type:		"ground"
$Pos:			<2281.694336 6.007353 1140.233154>
$Orient:		[-1.651570]

$Navpoint:	"dlc05_$apc10"
$Type:		"ground"
$Pos:			<2263.400146 6.006648 1110.015381>
$Orient:		[-1.615654]

$Navpoint:	"dlc05_$apc11"
$Type:		"ground"
$Pos:			<2318.756592 -1.481975 997.568787>
$Orient:		[1.502534]

$Navpoint:	"dlc05_$apc11_crew01"
$Type:		"ground"
$Pos:			<2314.775146 -1.692236 997.288696>
$Orient:		[I]

$Navpoint:	"dlc05_$apc11_crew02"
$Type:		"ground"
$Pos:			<2315.122314 -1.829779 996.090515>
$Orient:		[I]

$Navpoint:	"dlc05_$apc12"
$Type:		"ground"
$Pos:			<2196.608887 -2.042774 994.276611>
$Orient:		[-1.609023]

$Navpoint:	"dlc05_$apc12_crew01"
$Type:		"ground"
$Pos:			<2196.342041 -2.042772 990.151733>
$Orient:		[I]

$Navpoint:	"dlc05_$apc12_crew02"
$Type:		"ground"
$Pos:			<2199.753662 -2.042774 991.138428>
$Orient:		[I]

$Navpoint:	"dlc05_$apc13_crew01"
$Type:		"ground"
$Pos:			<2205.603271 -2.042773 990.228638>
$Orient:		[I]

$Navpoint:	"dlc05_$apc13_crew02"
$Type:		"ground"
$Pos:			<2208.147217 -2.042773 990.641724>
$Orient:		[I]

$Navpoint:	"dlc05_$apc13"
$Type:		"ground"
$Pos:			<2207.424561 -2.042773 993.802429>
$Orient:		[-1.586469]

$Navpoint:	"dlc05_$nav_driver_exit"
$Type:		"ground"
$Pos:			<2160.242676 -2.885001 811.308289>
$Orient:		[I]

$Navpoint:	"dlc05_$atk01_heli01"
$Type:		"ground"
$Pos:			<2295.952148 18.911766 1473.235107>
$Orient:		[1.614139]

$Navpoint:	"dlc05_$atk01_heli02"
$Type:		"ground"
$Pos:			<2287.559570 19.012550 1461.895508>
$Orient:		[1.828047]

$Navpoint:	"dlc05_$atk01_heli01_crew01"
$Type:		"ground"
